#                                                               --- full sequence ---- --- best 1 domain ---- --- domain number estimation ----
# target name        accession  query name           accession    E-value  score  bias   E-value  score  bias   exp reg clu  ov env dom rep inc description of target
#------------------- ---------- -------------------- ---------- --------- ------ ----- --------- ------ -----   --- --- --- --- --- --- --- --- ---------------------
IRN_009883           -          Lig_chan-Glu_bd      PF10613.12   4.1e-60  202.3   0.1   1.8e-38  132.6   0.0   2.4   1   1   1   2   2   2   2 -
IRN_018709           -          Lig_chan-Glu_bd      PF10613.12   4.8e-60  202.1   0.1     2e-38  132.5   0.0   2.4   1   1   1   2   2   2   2 -
IRN_018037           -          Lig_chan-Glu_bd      PF10613.12   8.2e-53  178.8   0.7   1.1e-37  130.1   0.1   3.1   3   0   0   3   3   2   2 -
IRN_018954           -          Lig_chan-Glu_bd      PF10613.12   1.9e-42  145.4   0.0   3.2e-42  144.7   0.0   1.4   1   0   0   1   1   1   1 -
IRN_012764           -          Lig_chan-Glu_bd      PF10613.12   2.9e-42  144.8   0.1   6.6e-42  143.7   0.1   1.6   1   0   0   1   1   1   1 -
IRN_018678           -          Lig_chan-Glu_bd      PF10613.12   3.4e-42  144.6   0.1   5.8e-42  143.8   0.1   1.4   1   0   0   1   1   1   1 -
IRN_018953           -          Lig_chan-Glu_bd      PF10613.12   3.9e-42  144.4   0.1   6.8e-42  143.6   0.1   1.4   1   0   0   1   1   1   1 -
IRN_009880           -          Lig_chan-Glu_bd      PF10613.12   4.4e-42  144.2   0.1     8e-42  143.4   0.1   1.4   1   0   0   1   1   1   1 -
IRN_018691           -          Lig_chan-Glu_bd      PF10613.12   4.8e-41  140.9   0.1   9.1e-41  140.0   0.1   1.5   1   0   0   1   1   1   1 -
IRN_018036           -          Lig_chan-Glu_bd      PF10613.12   6.9e-41  140.4   0.3   3.2e-40  138.2   0.1   2.2   2   0   0   2   2   1   1 -
IRN_018680           -          Lig_chan-Glu_bd      PF10613.12   1.1e-40  139.8   0.0   1.9e-40  139.0   0.0   1.4   1   0   0   1   1   1   1 -
IRN_018716           -          Lig_chan-Glu_bd      PF10613.12   2.8e-39  135.2   0.0   6.5e-34  117.9   0.0   3.4   2   1   0   2   2   2   2 -
IRN_001333           -          Lig_chan-Glu_bd      PF10613.12     4e-39  134.7   0.1   1.1e-38  133.3   0.0   1.8   2   0   0   2   2   1   1 -
IRN_001332           -          Lig_chan-Glu_bd      PF10613.12   4.4e-39  134.6   0.1   1.1e-38  133.2   0.0   1.8   2   0   0   2   2   1   1 -
IRN_018720           -          Lig_chan-Glu_bd      PF10613.12   4.9e-39  134.4   0.0   1.2e-38  133.1   0.0   1.7   1   0   0   1   1   1   1 -
IRN_018958           -          Lig_chan-Glu_bd      PF10613.12     1e-38  133.4   0.0   1.8e-38  132.6   0.0   1.4   1   0   0   1   1   1   1 -
IRN_034264           -          Lig_chan-Glu_bd      PF10613.12   1.1e-38  133.2   0.1   2.1e-38  132.4   0.1   1.5   1   0   0   1   1   1   1 -
IRN_018722           -          Lig_chan-Glu_bd      PF10613.12   1.8e-37  129.3   0.0     6e-19   69.7   0.0   2.4   2   0   0   2   2   2   2 -
IRN_011021           -          Lig_chan-Glu_bd      PF10613.12   1.5e-36  126.4   0.2   3.2e-36  125.4   0.2   1.6   1   0   0   1   1   1   1 -
IRN_018068           -          Lig_chan-Glu_bd      PF10613.12   3.5e-35  122.0   0.0   2.7e-34  119.1   0.0   2.3   1   1   0   1   1   1   1 -
IRN_018689           -          Lig_chan-Glu_bd      PF10613.12   3.5e-35  122.0   0.0   2.7e-34  119.1   0.0   2.3   1   1   0   1   1   1   1 -
IRN_018721           -          Lig_chan-Glu_bd      PF10613.12   5.2e-29  102.1   0.0     1e-07   33.4   0.0   3.4   3   0   0   3   3   3   3 -
IRN_012580           -          Lig_chan-Glu_bd      PF10613.12   1.5e-27   97.4   0.0   2.6e-27   96.6   0.0   1.4   1   0   0   1   1   1   1 -
IRN_012579           -          Lig_chan-Glu_bd      PF10613.12   1.7e-27   97.3   0.0   2.9e-27   96.5   0.0   1.4   1   0   0   1   1   1   1 -
IRN_029576           -          Lig_chan-Glu_bd      PF10613.12   2.4e-27   96.7   0.0     4e-27   96.0   0.0   1.3   1   0   0   1   1   1   1 -
IRN_019932           -          Lig_chan-Glu_bd      PF10613.12   3.4e-27   96.3   0.0   6.8e-27   95.3   0.0   1.5   1   0   0   1   1   1   1 -
IRN_019933           -          Lig_chan-Glu_bd      PF10613.12   3.5e-27   96.2   0.0   6.9e-27   95.2   0.0   1.5   1   0   0   1   1   1   1 -
IRN_018679           -          Lig_chan-Glu_bd      PF10613.12   3.8e-27   96.1   0.0   7.6e-27   95.1   0.0   1.5   1   0   0   1   1   1   1 -
IRN_018710           -          Lig_chan-Glu_bd      PF10613.12   4.4e-27   95.9   0.0   8.5e-27   95.0   0.0   1.4   1   0   0   1   1   1   1 -
IRN_010559           -          Lig_chan-Glu_bd      PF10613.12   4.5e-27   95.9   0.0   8.9e-27   94.9   0.0   1.5   1   0   0   1   1   1   1 -
IRN_042102           -          Lig_chan-Glu_bd      PF10613.12   3.6e-26   92.9   0.0   1.1e-25   91.4   0.0   1.8   2   0   0   2   2   1   1 -
IRN_018723           -          Lig_chan-Glu_bd      PF10613.12   1.2e-25   91.3   0.0   2.7e-25   90.1   0.0   1.6   1   0   0   1   1   1   1 -
IRN_005768           -          Lig_chan-Glu_bd      PF10613.12   2.1e-25   90.5   0.0   3.5e-25   89.8   0.0   1.3   1   0   0   1   1   1   1 -
IRN_005769           -          Lig_chan-Glu_bd      PF10613.12   2.1e-25   90.4   0.0   3.5e-25   89.8   0.0   1.3   1   0   0   1   1   1   1 -
IRN_005417           -          Lig_chan-Glu_bd      PF10613.12   3.8e-25   89.7   0.0   7.7e-25   88.7   0.0   1.5   1   0   0   1   1   1   1 -
IRN_005416           -          Lig_chan-Glu_bd      PF10613.12   3.8e-25   89.6   0.0   7.6e-25   88.7   0.0   1.5   1   0   0   1   1   1   1 -
IRN_012435           -          Lig_chan-Glu_bd      PF10613.12   1.3e-24   87.9   0.0   2.1e-24   87.2   0.0   1.3   1   0   0   1   1   1   1 -
IRN_029316           -          Lig_chan-Glu_bd      PF10613.12   1.4e-24   87.8   0.0   2.3e-24   87.2   0.0   1.3   1   0   0   1   1   1   1 -
IRN_002020           -          Lig_chan-Glu_bd      PF10613.12   1.3e-23   84.7   0.0   2.8e-23   83.6   0.0   1.6   1   0   0   1   1   1   1 -
IRN_036279           -          Lig_chan-Glu_bd      PF10613.12   5.5e-23   82.7   0.0   1.3e-22   81.5   0.0   1.6   1   0   0   1   1   1   1 -
IRN_002019           -          Lig_chan-Glu_bd      PF10613.12   6.5e-23   82.4   0.0   1.5e-22   81.3   0.0   1.6   1   0   0   1   1   1   1 -
IRN_018718           -          Lig_chan-Glu_bd      PF10613.12   7.1e-23   82.3   0.0   1.6e-22   81.2   0.0   1.5   1   0   0   1   1   1   1 -
IRN_018719           -          Lig_chan-Glu_bd      PF10613.12   3.2e-22   80.2   0.0   1.5e-07   32.9   0.0   3.5   3   0   0   3   3   3   3 -
IRN_003465           -          Lig_chan-Glu_bd      PF10613.12   7.1e-22   79.1   0.0   1.5e-21   78.0   0.0   1.6   1   0   0   1   1   1   1 -
IRN_003466           -          Lig_chan-Glu_bd      PF10613.12   7.8e-22   79.0   0.0   1.6e-21   77.9   0.0   1.6   1   0   0   1   1   1   1 -
IRN_045081           -          Lig_chan-Glu_bd      PF10613.12   1.6e-21   78.0   0.0   1.2e-19   71.9   0.0   2.5   2   0   0   2   2   2   1 -
IRN_007570           -          Lig_chan-Glu_bd      PF10613.12   2.1e-21   77.6   0.0   1.4e-19   71.7   0.0   2.4   2   0   0   2   2   2   1 -
IRN_018730           -          Lig_chan-Glu_bd      PF10613.12     3e-21   77.1   0.0   1.7e-19   71.4   0.0   2.4   2   0   0   2   2   2   1 -
IRN_003685           -          Lig_chan-Glu_bd      PF10613.12   3.3e-21   77.0   0.0   5.3e-21   76.3   0.0   1.3   1   0   0   1   1   1   1 -
IRN_018694           -          Lig_chan-Glu_bd      PF10613.12   3.3e-21   76.9   0.0   5.5e-21   76.2   0.0   1.3   1   0   0   1   1   1   1 -
IRN_013082           -          Lig_chan-Glu_bd      PF10613.12   7.7e-21   75.8   0.0   1.5e-20   74.8   0.0   1.5   1   0   0   1   1   1   1 -
IRN_030368           -          Lig_chan-Glu_bd      PF10613.12     8e-21   75.7   0.0   1.6e-20   74.8   0.0   1.5   1   0   0   1   1   1   1 -
IRN_013081           -          Lig_chan-Glu_bd      PF10613.12   8.4e-21   75.6   0.0   1.6e-20   74.7   0.0   1.5   1   0   0   1   1   1   1 -
IRN_013052           -          Lig_chan-Glu_bd      PF10613.12   6.3e-20   72.8   0.0     1e-19   72.1   0.0   1.4   1   0   0   1   1   1   1 -
IRN_013051           -          Lig_chan-Glu_bd      PF10613.12   7.2e-20   72.6   0.0   1.2e-19   71.9   0.0   1.4   1   0   0   1   1   1   1 -
IRN_003720           -          Lig_chan-Glu_bd      PF10613.12   1.4e-19   71.7   0.0   2.3e-19   71.0   0.0   1.3   1   0   0   1   1   1   1 -
IRN_018727           -          Lig_chan-Glu_bd      PF10613.12   2.7e-19   70.8   0.0   1.4e-08   36.3   0.0   2.5   2   0   0   2   2   2   2 -
IRN_046536           -          Lig_chan-Glu_bd      PF10613.12   2.9e-19   70.7   0.0   6.3e-19   69.6   0.0   1.6   1   0   0   1   1   1   1 -
IRN_000218           -          Lig_chan-Glu_bd      PF10613.12   1.1e-18   68.9   0.0   1.8e-18   68.1   0.0   1.4   1   0   0   1   1   1   1 -
IRN_000217           -          Lig_chan-Glu_bd      PF10613.12   1.1e-18   68.8   0.0   1.9e-18   68.0   0.0   1.4   1   0   0   1   1   1   1 -
IRN_022758           -          Lig_chan-Glu_bd      PF10613.12   1.1e-18   68.8   0.0   1.9e-18   68.0   0.0   1.4   1   0   0   1   1   1   1 -
IRN_018692           -          Lig_chan-Glu_bd      PF10613.12   1.2e-18   68.7   0.0   2.1e-18   67.9   0.0   1.4   1   0   0   1   1   1   1 -
IRN_018695           -          Lig_chan-Glu_bd      PF10613.12   6.7e-17   63.1   0.0   1.2e-16   62.3   0.0   1.4   1   0   0   1   1   1   1 -
IRN_013108           -          Lig_chan-Glu_bd      PF10613.12   1.2e-16   62.3   0.0   2.1e-16   61.4   0.0   1.5   1   0   0   1   1   1   1 -
IRN_018726           -          Lig_chan-Glu_bd      PF10613.12   1.2e-16   62.3   0.0   4.3e-07   31.4   0.0   2.7   2   0   0   2   2   2   2 -
IRN_013109           -          Lig_chan-Glu_bd      PF10613.12   1.2e-16   62.3   0.0   2.1e-16   61.5   0.0   1.4   1   0   0   1   1   1   1 -
IRN_030397           -          Lig_chan-Glu_bd      PF10613.12   1.2e-16   62.2   0.0   2.2e-16   61.4   0.0   1.5   1   0   0   1   1   1   1 -
IRN_030326           -          Lig_chan-Glu_bd      PF10613.12   2.7e-16   61.1   0.0   1.2e-15   59.0   0.0   2.0   1   1   0   1   1   1   1 -
IRN_003721           -          Lig_chan-Glu_bd      PF10613.12   4.6e-16   60.4   0.0   7.5e-16   59.7   0.0   1.3   1   0   0   1   1   1   1 -
IRN_018733           -          Lig_chan-Glu_bd      PF10613.12   9.4e-16   59.4   0.0   3.3e-06   28.6   0.0   2.4   2   0   0   2   2   2   2 -
IRN_036342           -          Lig_chan-Glu_bd      PF10613.12   6.9e-15   56.6   0.0   8.1e-08   33.8   0.0   2.5   2   0   0   2   2   2   2 -
IRN_013094           -          Lig_chan-Glu_bd      PF10613.12   1.7e-14   55.3   0.0   3.1e-14   54.5   0.0   1.5   1   0   0   1   1   1   1 -
IRN_029506           -          Lig_chan-Glu_bd      PF10613.12   5.5e-14   53.7   0.0   9.1e-14   53.0   0.0   1.3   1   0   0   1   1   1   1 -
IRN_025902           -          Lig_chan-Glu_bd      PF10613.12   6.6e-14   53.4   0.0   9.2e-14   53.0   0.0   1.2   1   0   0   1   1   1   1 -
IRN_012556           -          Lig_chan-Glu_bd      PF10613.12   7.8e-14   53.2   0.0   1.3e-13   52.5   0.0   1.3   1   0   0   1   1   1   1 -
IRN_027881           -          Lig_chan-Glu_bd      PF10613.12   8.7e-14   53.0   0.0   1.1e-13   52.7   0.0   1.2   1   0   0   1   1   1   1 -
IRN_012210           -          Lig_chan-Glu_bd      PF10613.12     2e-13   51.8   0.0   3.3e-13   51.1   0.0   1.4   1   0   0   1   1   1   1 -
IRN_018729           -          Lig_chan-Glu_bd      PF10613.12   4.4e-13   50.8   0.0   5.6e-07   31.1   0.0   2.6   2   0   0   2   2   2   2 -
IRN_006871           -          Lig_chan-Glu_bd      PF10613.12   4.5e-13   50.7   0.0   9.9e-13   49.6   0.0   1.6   1   0   0   1   1   1   1 -
IRN_028181           -          Lig_chan-Glu_bd      PF10613.12   1.1e-12   49.4   0.0   1.9e-12   48.7   0.0   1.4   1   0   0   1   1   1   1 -
IRN_008983           -          Lig_chan-Glu_bd      PF10613.12   1.2e-12   49.4   0.0   1.9e-12   48.7   0.0   1.4   1   0   0   1   1   1   1 -
IRN_018675           -          Lig_chan-Glu_bd      PF10613.12   1.2e-12   49.4   0.0     2e-12   48.6   0.0   1.4   1   0   0   1   1   1   1 -
IRN_018708           -          Lig_chan-Glu_bd      PF10613.12   1.3e-12   49.3   0.0   2.1e-12   48.5   0.0   1.4   1   0   0   1   1   1   1 -
IRN_006860           -          Lig_chan-Glu_bd      PF10613.12     4e-12   47.7   0.0   7.5e-12   46.8   0.0   1.5   1   0   0   1   1   1   1 -
IRN_018676           -          Lig_chan-Glu_bd      PF10613.12   4.4e-12   47.5   0.0     8e-12   46.7   0.0   1.5   1   0   0   1   1   1   1 -
IRN_013096           -          Lig_chan-Glu_bd      PF10613.12   1.1e-11   46.2   0.0   2.2e-11   45.3   0.0   1.5   1   0   0   1   1   1   1 -
IRN_013095           -          Lig_chan-Glu_bd      PF10613.12   1.2e-11   46.2   0.0   2.2e-11   45.3   0.0   1.6   1   0   0   1   1   1   1 -
IRN_018682           -          Lig_chan-Glu_bd      PF10613.12   1.2e-11   46.1   0.0   2.3e-11   45.2   0.0   1.5   1   0   0   1   1   1   1 -
IRN_018732           -          Lig_chan-Glu_bd      PF10613.12   2.3e-11   45.2   0.0   1.3e-06   29.9   0.0   2.7   2   0   0   2   2   2   2 -
IRN_027879           -          Lig_chan-Glu_bd      PF10613.12   8.2e-11   43.4   0.0   1.7e-10   42.4   0.0   1.5   1   0   0   1   1   1   1 -
IRN_013101           -          Lig_chan-Glu_bd      PF10613.12   2.8e-10   41.7   0.0   0.00032   22.2   0.0   2.6   2   0   0   2   2   2   2 -
IRN_018713           -          Lig_chan-Glu_bd      PF10613.12     3e-10   41.6   0.0   0.00033   22.1   0.0   2.6   2   0   0   2   2   2   2 -
IRN_018715           -          Lig_chan-Glu_bd      PF10613.12   3.2e-10   41.5   0.0     0.001   20.6   0.0   2.4   2   0   0   2   2   2   2 -
IRN_018685           -          Lig_chan-Glu_bd      PF10613.12     5e-10   40.9   0.0   1.8e-05   26.3   0.0   2.4   2   0   0   2   2   2   2 -
IRN_018697           -          Lig_chan-Glu_bd      PF10613.12   1.9e-09   39.1   0.0   3.9e-09   38.0   0.0   1.5   1   0   0   1   1   1   1 -
IRN_042648           -          Lig_chan-Glu_bd      PF10613.12     2e-09   39.0   0.0   3.8e-09   38.1   0.0   1.4   1   0   0   1   1   1   1 -
IRN_005775           -          Lig_chan-Glu_bd      PF10613.12     2e-09   39.0   0.0   3.9e-09   38.1   0.0   1.4   1   0   0   1   1   1   1 -
IRN_018728           -          Lig_chan-Glu_bd      PF10613.12   2.4e-09   38.7   0.0   0.00019   22.9   0.0   2.6   2   0   0   2   2   2   2 -
IRN_014782           -          Lig_chan-Glu_bd      PF10613.12   2.6e-09   38.6   0.0   1.1e-08   36.6   0.0   1.9   2   0   0   2   2   1   1 -
IRN_018698           -          Lig_chan-Glu_bd      PF10613.12   3.2e-09   38.3   0.0   5.6e-09   37.5   0.0   1.4   1   0   0   1   1   1   1 -
IRN_005803           -          Lig_chan-Glu_bd      PF10613.12   4.5e-09   37.8   0.0     8e-09   37.0   0.0   1.4   1   0   0   1   1   1   1 -
IRN_018687           -          Lig_chan-Glu_bd      PF10613.12   4.7e-09   37.8   0.0   1.9e-08   35.8   0.0   1.9   2   0   0   2   2   1   1 -
IRN_030384           -          Lig_chan-Glu_bd      PF10613.12   5.2e-09   37.6   0.0   1.1e-08   36.6   0.0   1.6   1   0   0   1   1   1   1 -
IRN_036521           -          Lig_chan-Glu_bd      PF10613.12   6.9e-09   37.2   0.0   1.4e-08   36.2   0.0   1.5   1   0   0   1   1   1   1 -
IRN_018705           -          Lig_chan-Glu_bd      PF10613.12   8.2e-09   37.0   0.0   1.5e-08   36.1   0.0   1.4   1   0   0   1   1   1   1 -
IRN_013061           -          Lig_chan-Glu_bd      PF10613.12   8.3e-09   37.0   0.0   1.5e-08   36.2   0.0   1.3   1   0   0   1   1   1   1 -
IRN_013062           -          Lig_chan-Glu_bd      PF10613.12   8.3e-09   37.0   0.0   1.5e-08   36.2   0.0   1.3   1   0   0   1   1   1   1 -
IRN_006834           -          Lig_chan-Glu_bd      PF10613.12   8.5e-09   36.9   0.0   1.6e-08   36.1   0.0   1.4   1   0   0   1   1   1   1 -
IRN_030338           -          Lig_chan-Glu_bd      PF10613.12   9.8e-09   36.7   0.0   1.8e-08   35.9   0.0   1.4   1   0   0   1   1   1   1 -
IRN_002216           -          Lig_chan-Glu_bd      PF10613.12     1e-08   36.7   0.0     2e-08   35.7   0.0   1.5   1   0   0   1   1   1   1 -
IRN_018702           -          Lig_chan-Glu_bd      PF10613.12   1.2e-08   36.4   0.0   1.6e-07   32.8   0.0   2.5   2   0   0   2   2   2   1 -
IRN_007815           -          Lig_chan-Glu_bd      PF10613.12   1.3e-08   36.3   0.0   1.7e-07   32.8   0.0   2.5   2   0   0   2   2   2   1 -
IRN_002214           -          Lig_chan-Glu_bd      PF10613.12   1.6e-08   36.1   0.0   2.9e-08   35.2   0.0   1.4   1   0   0   1   1   1   1 -
IRN_002215           -          Lig_chan-Glu_bd      PF10613.12   1.6e-08   36.0   0.0     3e-08   35.2   0.0   1.4   1   0   0   1   1   1   1 -
IRN_036522           -          Lig_chan-Glu_bd      PF10613.12   1.8e-08   35.9   0.0   2.6e-08   35.4   0.0   1.3   1   0   0   1   1   1   1 -
IRN_006708           -          Lig_chan-Glu_bd      PF10613.12   1.8e-08   35.9   0.0   4.3e-08   34.7   0.0   1.7   1   0   0   1   1   1   1 -
IRN_002072           -          Lig_chan-Glu_bd      PF10613.12   1.9e-08   35.9   0.0   3.2e-08   35.1   0.0   1.3   1   0   0   1   1   1   1 -
IRN_002217           -          Lig_chan-Glu_bd      PF10613.12   4.3e-08   34.7   0.0   7.8e-08   33.8   0.0   1.4   1   0   0   1   1   1   1 -
IRN_005773           -          Lig_chan-Glu_bd      PF10613.12   4.9e-08   34.5   0.0   3.6e-07   31.7   0.0   2.2   3   0   0   3   3   1   1 -
IRN_005774           -          Lig_chan-Glu_bd      PF10613.12   4.9e-08   34.5   0.0   8.8e-08   33.7   0.0   1.4   1   0   0   1   1   1   1 -
IRN_005737           -          Lig_chan-Glu_bd      PF10613.12     5e-08   34.5   0.1   1.6e-07   32.8   0.0   2.0   2   1   0   2   2   1   1 -
IRN_042647           -          Lig_chan-Glu_bd      PF10613.12   5.5e-08   34.3   0.0     1e-07   33.5   0.0   1.5   1   0   0   1   1   1   1 -
IRN_018700           -          Lig_chan-Glu_bd      PF10613.12   5.8e-08   34.2   0.0   4.2e-07   31.5   0.0   2.3   2   0   0   2   2   1   1 -
IRN_006823           -          Lig_chan-Glu_bd      PF10613.12   8.8e-08   33.7   0.0   1.9e-07   32.6   0.0   1.5   1   0   0   1   1   1   1 -
IRN_002185           -          Lig_chan-Glu_bd      PF10613.12   1.2e-07   33.3   0.0     4e-07   31.6   0.0   1.9   2   0   0   2   2   1   1 -
IRN_005738           -          Lig_chan-Glu_bd      PF10613.12   1.2e-07   33.2   0.0   1.8e-07   32.7   0.0   1.3   1   0   0   1   1   1   1 -
IRN_043888           -          Lig_chan-Glu_bd      PF10613.12   1.3e-07   33.1   0.0   3.1e-07   31.9   0.0   1.6   1   0   0   1   1   1   1 -
IRN_005750           -          Lig_chan-Glu_bd      PF10613.12   1.7e-07   32.8   0.0   2.6e-07   32.1   0.0   1.3   1   0   0   1   1   1   1 -
IRN_000216           -          Lig_chan-Glu_bd      PF10613.12   2.3e-07   32.4   0.0   4.1e-07   31.5   0.0   1.4   1   0   0   1   1   1   1 -
IRN_000215           -          Lig_chan-Glu_bd      PF10613.12   2.5e-07   32.2   0.0   4.4e-07   31.4   0.0   1.4   1   0   0   1   1   1   1 -
IRN_036482           -          Lig_chan-Glu_bd      PF10613.12   3.2e-07   31.9   0.0     7e-07   30.8   0.0   1.5   2   0   0   2   2   1   1 -
IRN_009752           -          Lig_chan-Glu_bd      PF10613.12   3.2e-07   31.9   0.0   4.7e-06   28.1   0.0   2.3   2   0   0   2   2   2   1 -
IRN_015377           -          Lig_chan-Glu_bd      PF10613.12   3.9e-07   31.6   0.0   7.2e-07   30.7   0.0   1.4   1   0   0   1   1   1   1 -
IRN_006709           -          Lig_chan-Glu_bd      PF10613.12   6.9e-07   30.8   0.0   1.3e-06   29.9   0.0   1.5   1   0   0   1   1   1   1 -
IRN_006904           -          Lig_chan-Glu_bd      PF10613.12   6.9e-07   30.8   0.0   1.2e-06   30.0   0.0   1.4   1   0   0   1   1   1   1 -
IRN_006902           -          Lig_chan-Glu_bd      PF10613.12   7.7e-07   30.6   0.0   1.4e-06   29.8   0.0   1.4   1   0   0   1   1   1   1 -
IRN_006903           -          Lig_chan-Glu_bd      PF10613.12   7.9e-07   30.6   0.0   1.4e-06   29.8   0.0   1.4   1   0   0   1   1   1   1 -
IRN_044111           -          Lig_chan-Glu_bd      PF10613.12   9.2e-07   30.4   0.0   1.7e-06   29.5   0.0   1.5   1   0   0   1   1   1   1 -
IRN_036520           -          Lig_chan-Glu_bd      PF10613.12     1e-06   30.2   0.0     2e-06   29.3   0.0   1.4   1   0   0   1   1   1   1 -
IRN_044238           -          Lig_chan-Glu_bd      PF10613.12   1.1e-06   30.1   0.0     2e-06   29.3   0.0   1.4   1   0   0   1   1   1   1 -
IRN_010772           -          Lig_chan-Glu_bd      PF10613.12   1.4e-06   29.8   0.0   2.5e-06   29.0   0.0   1.4   1   0   0   1   1   1   1 -
IRN_030383           -          Lig_chan-Glu_bd      PF10613.12   1.7e-06   29.5   0.0   1.5e-05   26.5   0.0   2.2   1   1   0   1   1   1   1 -
IRN_025453           -          Lig_chan-Glu_bd      PF10613.12     2e-06   29.3   0.0   3.7e-06   28.4   0.0   1.5   1   0   0   1   1   1   1 -
IRN_039685           -          Lig_chan-Glu_bd      PF10613.12   2.9e-06   28.8   0.0   5.2e-06   28.0   0.0   1.4   1   0   0   1   1   1   1 -
IRN_015238           -          Lig_chan-Glu_bd      PF10613.12   3.1e-06   28.7   0.0   5.6e-06   27.9   0.0   1.4   1   0   0   1   1   1   1 -
IRN_043756           -          Lig_chan-Glu_bd      PF10613.12   3.9e-06   28.4   0.0   8.2e-06   27.3   0.0   1.5   1   0   0   1   1   1   1 -
IRN_006621           -          Lig_chan-Glu_bd      PF10613.12   4.4e-06   28.2   0.0   1.2e-05   26.8   0.0   1.7   1   0   0   1   1   1   1 -
IRN_006620           -          Lig_chan-Glu_bd      PF10613.12   4.8e-06   28.1   0.0   1.3e-05   26.7   0.0   1.7   1   0   0   1   1   1   1 -
#
# Program:         hmmsearch
# Version:         3.2.1 (June 2018)
# Pipeline mode:   SEARCH
# Query file:      PF10613.hmm
# Target file:     normalized_proteins.faa
# Option settings: hmmsearch --tblout PF10613.tbl -E 1e-5 PF10613.hmm normalized_proteins.faa 
# Current dir:     /home/primeline/Data/IRnotator/work/81/8322f1cd5f1743638a6006d9374860
# Date:            Tue Aug 18 11:39:16 2026
# [ok]
