#                                                               --- full sequence ---- --- best 1 domain ---- --- domain number estimation ----
# target name        accession  query name           accession    E-value  score  bias   E-value  score  bias   exp reg clu  ov env dom rep inc description of target
#------------------- ---------- -------------------- ---------- --------- ------ ----- --------- ------ -----   --- --- --- --- --- --- --- --- ---------------------
IRN_009880           -          Lig_chan             PF00060.29   1.4e-71  240.6   1.9   1.5e-50  172.3   0.2   2.3   2   0   0   2   2   2   2 -
IRN_018731           -          Lig_chan             PF00060.29   8.2e-71  238.1  17.4   1.6e-17   65.1   0.6   4.5   4   0   0   4   4   4   4 -
IRN_018037           -          Lig_chan             PF00060.29   1.2e-66  224.5   5.6   6.7e-56  189.7   0.3   2.5   2   0   0   2   2   2   2 -
IRN_018678           -          Lig_chan             PF00060.29   7.7e-63  212.2   0.0   3.7e-41  141.8   0.0   2.3   1   1   1   2   2   2   2 -
IRN_018691           -          Lig_chan             PF00060.29   7.9e-57  192.7   0.3   1.3e-56  192.0   0.3   1.3   1   0   0   1   1   1   1 -
IRN_018036           -          Lig_chan             PF00060.29   3.1e-56  190.8   0.3   6.3e-56  189.8   0.3   1.6   1   0   0   1   1   1   1 -
IRN_018953           -          Lig_chan             PF00060.29   1.2e-54  185.6   0.2   1.9e-54  185.0   0.2   1.3   1   0   0   1   1   1   1 -
IRN_018958           -          Lig_chan             PF00060.29   2.3e-53  181.4   0.6   3.5e-53  180.8   0.6   1.3   1   0   0   1   1   1   1 -
IRN_018680           -          Lig_chan             PF00060.29   3.2e-53  181.0   0.6     5e-53  180.3   0.6   1.3   1   0   0   1   1   1   1 -
IRN_009883           -          Lig_chan             PF00060.29   3.7e-53  180.8   0.6   5.8e-53  180.1   0.6   1.3   1   0   0   1   1   1   1 -
IRN_018709           -          Lig_chan             PF00060.29     4e-53  180.7   0.6   6.5e-53  180.0   0.6   1.3   1   0   0   1   1   1   1 -
IRN_018716           -          Lig_chan             PF00060.29   5.4e-53  180.3   2.4   1.2e-36  127.2   0.0   2.6   2   0   0   2   2   2   2 -
IRN_012764           -          Lig_chan             PF00060.29     5e-52  177.1   0.8   8.1e-52  176.4   0.8   1.3   1   0   0   1   1   1   1 -
IRN_001333           -          Lig_chan             PF00060.29   1.2e-51  175.8   0.1     2e-51  175.1   0.1   1.3   1   0   0   1   1   1   1 -
IRN_001332           -          Lig_chan             PF00060.29   1.3e-51  175.8   0.1   2.2e-51  175.0   0.1   1.4   1   0   0   1   1   1   1 -
IRN_018954           -          Lig_chan             PF00060.29   4.7e-51  173.9   0.2   8.4e-51  173.1   0.2   1.4   1   0   0   1   1   1   1 -
IRN_034264           -          Lig_chan             PF00060.29     6e-51  173.6   0.4   8.9e-51  173.0   0.4   1.3   1   0   0   1   1   1   1 -
IRN_018720           -          Lig_chan             PF00060.29     2e-47  162.2   0.0   5.4e-47  160.8   0.0   1.8   1   1   0   1   1   1   1 -
IRN_013101           -          Lig_chan             PF00060.29     4e-44  151.4   2.2   3.7e-21   76.9   0.1   2.6   3   0   0   3   3   2   2 -
IRN_018713           -          Lig_chan             PF00060.29   4.2e-44  151.4   2.2   3.8e-21   76.9   0.1   2.6   3   0   0   3   3   2   2 -
IRN_011021           -          Lig_chan             PF00060.29     1e-43  150.1   0.0   1.7e-43  149.4   0.0   1.4   1   0   0   1   1   1   1 -
IRN_018728           -          Lig_chan             PF00060.29   4.4e-41  141.6   3.9   8.1e-20   72.6   0.5   2.3   2   0   0   2   2   2   2 -
IRN_018719           -          Lig_chan             PF00060.29     7e-41  140.9   1.5   8.7e-12   46.5   0.0   3.5   3   0   0   3   3   3   3 -
IRN_018689           -          Lig_chan             PF00060.29   2.2e-37  129.6   0.0   4.1e-37  128.7   0.0   1.5   1   0   0   1   1   1   1 -
IRN_018068           -          Lig_chan             PF00060.29   2.2e-37  129.6   0.0   4.1e-37  128.7   0.0   1.5   1   0   0   1   1   1   1 -
IRN_043870           -          Lig_chan             PF00060.29   1.8e-35  123.4   4.7   7.6e-17   62.9   0.2   2.7   2   0   0   2   2   2   2 -
IRN_018726           -          Lig_chan             PF00060.29   6.2e-33  115.1   0.4   1.9e-17   64.9   0.1   2.4   2   0   0   2   2   2   2 -
IRN_018729           -          Lig_chan             PF00060.29   6.7e-32  111.8   6.1   4.5e-16   60.4   0.3   2.6   3   0   0   3   3   2   2 -
IRN_018721           -          Lig_chan             PF00060.29   4.2e-30  106.0   8.7     4e-14   54.1   0.0   4.3   4   0   0   4   4   3   3 -
IRN_029506           -          Lig_chan             PF00060.29   1.4e-28  101.0   0.2   2.3e-28  100.3   0.2   1.4   1   0   0   1   1   1   1 -
IRN_012556           -          Lig_chan             PF00060.29   2.2e-28  100.4   0.2   3.8e-28   99.6   0.2   1.4   1   0   0   1   1   1   1 -
IRN_018732           -          Lig_chan             PF00060.29   5.3e-28   99.1   2.7   3.3e-11   44.6   0.1   3.7   3   0   0   3   3   3   3 -
IRN_036342           -          Lig_chan             PF00060.29   5.4e-28   99.1   0.5   4.5e-13   50.7   0.0   2.4   2   0   0   2   2   2   2 -
IRN_018733           -          Lig_chan             PF00060.29   1.8e-27   97.5   0.5   4.5e-12   47.5   0.0   2.9   3   0   0   3   3   2   2 -
IRN_018714           -          Lig_chan             PF00060.29   3.7e-26   93.1   0.0   2.1e-12   48.5   0.0   2.4   2   0   0   2   2   2   2 -
IRN_019932           -          Lig_chan             PF00060.29     2e-25   90.8   0.1   3.5e-25   90.0   0.1   1.4   1   0   0   1   1   1   1 -
IRN_019933           -          Lig_chan             PF00060.29   2.1e-25   90.7   0.1   3.6e-25   89.9   0.1   1.4   1   0   0   1   1   1   1 -
IRN_018710           -          Lig_chan             PF00060.29   2.6e-25   90.4   0.1   4.9e-25   89.5   0.1   1.4   1   0   0   1   1   1   1 -
IRN_010559           -          Lig_chan             PF00060.29   2.8e-25   90.3   0.1   5.1e-25   89.4   0.1   1.5   1   0   0   1   1   1   1 -
IRN_018679           -          Lig_chan             PF00060.29     8e-25   88.8   0.1   1.5e-24   88.0   0.1   1.4   1   0   0   1   1   1   1 -
IRN_018715           -          Lig_chan             PF00060.29   2.4e-24   87.3   0.1   1.4e-10   42.6   0.0   2.4   2   0   0   2   2   2   2 -
IRN_018722           -          Lig_chan             PF00060.29   6.7e-23   82.6   3.3   2.9e-18   67.6   0.4   2.4   2   0   0   2   2   2   2 -
IRN_013102           -          Lig_chan             PF00060.29   2.6e-22   80.7   0.1   3.3e-22   80.3   0.1   1.1   1   0   0   1   1   1   1 -
IRN_045081           -          Lig_chan             PF00060.29     3e-22   80.5   0.0   5.4e-22   79.6   0.0   1.4   1   0   0   1   1   1   1 -
IRN_007570           -          Lig_chan             PF00060.29   3.6e-22   80.2   0.0   6.6e-22   79.4   0.0   1.4   1   0   0   1   1   1   1 -
IRN_030392           -          Lig_chan             PF00060.29   3.8e-22   80.1   0.1   5.1e-22   79.7   0.1   1.2   1   0   0   1   1   1   1 -
IRN_030390           -          Lig_chan             PF00060.29   4.3e-22   80.0   0.1   6.4e-22   79.4   0.1   1.3   1   0   0   1   1   1   1 -
IRN_030391           -          Lig_chan             PF00060.29   5.6e-22   79.6   0.9   8.4e-22   79.0   0.1   1.7   2   0   0   2   2   1   1 -
IRN_018701           -          Lig_chan             PF00060.29   6.9e-22   79.3   0.3   9.1e-22   78.9   0.3   1.1   1   0   0   1   1   1   1 -
IRN_030393           -          Lig_chan             PF00060.29   2.2e-21   77.7   0.0   2.9e-21   77.3   0.0   1.2   1   0   0   1   1   1   1 -
IRN_013103           -          Lig_chan             PF00060.29   2.8e-21   77.3   0.4   6.2e-21   76.2   0.0   1.7   2   0   0   2   2   1   1 -
IRN_018727           -          Lig_chan             PF00060.29   5.6e-21   76.3   6.6   2.1e-09   38.8   0.6   3.3   3   0   0   3   3   3   2 -
IRN_030368           -          Lig_chan             PF00060.29   7.4e-21   76.0   0.5     1e-20   75.5   0.5   1.2   1   0   0   1   1   1   1 -
IRN_013082           -          Lig_chan             PF00060.29   7.4e-21   75.9   0.5   9.6e-21   75.6   0.5   1.1   1   0   0   1   1   1   1 -
IRN_013081           -          Lig_chan             PF00060.29   7.8e-21   75.9   0.5   1.1e-20   75.4   0.5   1.2   1   0   0   1   1   1   1 -
IRN_018686           -          Lig_chan             PF00060.29   8.2e-21   75.8   0.1   1.3e-20   75.1   0.1   1.3   1   0   0   1   1   1   1 -
IRN_006572           -          Lig_chan             PF00060.29   9.7e-21   75.6   0.5   1.3e-20   75.1   0.5   1.2   1   0   0   1   1   1   1 -
IRN_006571           -          Lig_chan             PF00060.29   1.1e-20   75.4   0.5   1.6e-20   74.9   0.5   1.3   1   0   0   1   1   1   1 -
IRN_018730           -          Lig_chan             PF00060.29   1.3e-20   75.2   0.0   2.4e-20   74.3   0.0   1.5   1   0   0   1   1   1   1 -
IRN_006569           -          Lig_chan             PF00060.29   5.6e-20   73.1   0.2   7.9e-20   72.6   0.2   1.2   1   0   0   1   1   1   1 -
IRN_006568           -          Lig_chan             PF00060.29   5.9e-20   73.0   0.2   9.3e-20   72.4   0.2   1.3   1   0   0   1   1   1   1 -
IRN_018676           -          Lig_chan             PF00060.29   2.6e-19   70.9   4.0   4.3e-19   70.2   4.0   1.5   1   1   0   1   1   1   1 -
IRN_005750           -          Lig_chan             PF00060.29   4.1e-19   70.3   0.8     1e-18   69.0   0.1   2.0   2   0   0   2   2   1   1 -
IRN_003720           -          Lig_chan             PF00060.29   4.6e-19   70.1   0.4   6.3e-19   69.7   0.4   1.2   1   0   0   1   1   1   1 -
IRN_027879           -          Lig_chan             PF00060.29   4.7e-19   70.1   5.8   8.1e-19   69.3   5.8   1.5   1   1   0   1   1   1   1 -
IRN_006694           -          Lig_chan             PF00060.29   5.8e-19   69.8   0.6   8.8e-19   69.2   0.6   1.3   1   0   0   1   1   1   1 -
IRN_006693           -          Lig_chan             PF00060.29   6.3e-19   69.7   0.6     1e-18   69.0   0.6   1.3   1   0   0   1   1   1   1 -
IRN_006860           -          Lig_chan             PF00060.29   7.5e-19   69.4   5.7   1.3e-18   68.7   5.7   1.5   1   1   0   1   1   1   1 -
IRN_043869           -          Lig_chan             PF00060.29   7.8e-19   69.4   0.3   1.2e-18   68.8   0.3   1.3   1   0   0   1   1   1   1 -
IRN_006687           -          Lig_chan             PF00060.29   9.9e-19   69.0   1.0   1.4e-18   68.6   0.3   1.6   2   0   0   2   2   1   1 -
IRN_046536           -          Lig_chan             PF00060.29   2.1e-18   68.0   0.4   3.1e-18   67.5   0.4   1.3   1   0   0   1   1   1   1 -
IRN_019601           -          Lig_chan             PF00060.29   2.2e-18   67.9   0.0   5.4e-18   66.6   0.0   1.7   1   1   0   1   1   1   1 -
IRN_010403           -          Lig_chan             PF00060.29   3.4e-18   67.3   0.4   5.7e-18   66.6   0.4   1.4   1   0   0   1   1   1   1 -
IRN_005738           -          Lig_chan             PF00060.29   4.1e-18   67.0   0.1   4.1e-18   67.0   0.1   1.5   2   0   0   2   2   1   1 -
IRN_006692           -          Lig_chan             PF00060.29   5.6e-18   66.6   0.2   9.6e-18   65.9   0.2   1.4   1   0   0   1   1   1   1 -
IRN_006691           -          Lig_chan             PF00060.29   5.9e-18   66.5   0.2     1e-17   65.7   0.2   1.4   1   0   0   1   1   1   1 -
IRN_018711           -          Lig_chan             PF00060.29   6.1e-18   66.5   0.8   1.3e-17   65.4   0.4   1.8   2   0   0   2   2   1   1 -
IRN_018712           -          Lig_chan             PF00060.29   1.5e-17   65.2   0.7   2.3e-17   64.6   0.7   1.3   1   0   0   1   1   1   1 -
IRN_010297           -          Lig_chan             PF00060.29   1.5e-17   65.2   0.7   2.3e-17   64.6   0.7   1.2   1   0   0   1   1   1   1 -
IRN_043688           -          Lig_chan             PF00060.29   3.3e-17   64.1   0.2   4.3e-17   63.7   0.2   1.2   1   0   0   1   1   1   1 -
IRN_044096           -          Lig_chan             PF00060.29   4.7e-17   63.6   0.3   6.5e-17   63.2   0.3   1.2   1   0   0   1   1   1   1 -
IRN_006823           -          Lig_chan             PF00060.29   5.1e-17   63.5   0.3   8.1e-17   62.8   0.3   1.3   1   0   0   1   1   1   1 -
IRN_012580           -          Lig_chan             PF00060.29   6.8e-17   63.1   0.0     1e-16   62.5   0.0   1.3   1   0   0   1   1   1   1 -
IRN_009752           -          Lig_chan             PF00060.29     7e-17   63.1   1.3     1e-16   62.5   1.3   1.2   1   0   0   1   1   1   1 -
IRN_012579           -          Lig_chan             PF00060.29   7.5e-17   62.9   0.0   1.2e-16   62.3   0.0   1.3   1   0   0   1   1   1   1 -
IRN_029576           -          Lig_chan             PF00060.29   1.2e-16   62.3   0.0   1.9e-16   61.6   0.0   1.4   1   0   0   1   1   1   1 -
IRN_000218           -          Lig_chan             PF00060.29   1.7e-16   61.8   0.1   2.2e-16   61.4   0.1   1.2   1   0   0   1   1   1   1 -
IRN_003685           -          Lig_chan             PF00060.29   1.8e-16   61.7   0.3   3.2e-16   60.9   0.3   1.4   1   0   0   1   1   1   1 -
IRN_018694           -          Lig_chan             PF00060.29   1.8e-16   61.7   0.3   3.4e-16   60.8   0.3   1.4   1   0   0   1   1   1   1 -
IRN_022758           -          Lig_chan             PF00060.29   1.9e-16   61.6   0.1   2.6e-16   61.2   0.1   1.2   1   0   0   1   1   1   1 -
IRN_018695           -          Lig_chan             PF00060.29   2.5e-16   61.3   0.0   3.3e-16   60.8   0.0   1.2   1   0   0   1   1   1   1 -
IRN_018703           -          Lig_chan             PF00060.29   3.2e-16   60.9   0.9   5.7e-16   60.1   0.9   1.4   1   0   0   1   1   1   1 -
IRN_032095           -          Lig_chan             PF00060.29   3.3e-16   60.9   0.0   5.4e-16   60.2   0.0   1.3   1   0   0   1   1   1   1 -
IRN_006696           -          Lig_chan             PF00060.29   3.3e-16   60.8   0.9   5.6e-16   60.1   0.9   1.4   1   0   0   1   1   1   1 -
IRN_002217           -          Lig_chan             PF00060.29   3.5e-16   60.8   0.0   3.3e-15   57.6   0.0   2.3   2   1   0   2   2   2   1 -
IRN_016461           -          Lig_chan             PF00060.29   3.7e-16   60.7   0.0   6.2e-16   60.0   0.0   1.3   1   0   0   1   1   1   1 -
IRN_030384           -          Lig_chan             PF00060.29   3.8e-16   60.7   0.7   5.9e-16   60.0   0.7   1.3   1   0   0   1   1   1   1 -
IRN_013095           -          Lig_chan             PF00060.29   4.5e-16   60.4   0.7   6.9e-16   59.8   0.7   1.3   1   0   0   1   1   1   1 -
IRN_013096           -          Lig_chan             PF00060.29   4.6e-16   60.4   0.7   6.5e-16   59.9   0.7   1.2   1   0   0   1   1   1   1 -
IRN_018723           -          Lig_chan             PF00060.29   7.3e-16   59.7   0.0   1.2e-15   59.1   0.0   1.3   1   0   0   1   1   1   1 -
IRN_003465           -          Lig_chan             PF00060.29   1.5e-15   58.7   0.0     4e-15   57.3   0.0   1.7   1   1   0   1   1   1   1 -
IRN_003466           -          Lig_chan             PF00060.29   1.7e-15   58.6   0.0   4.6e-15   57.2   0.0   1.7   1   1   0   1   1   1   1 -
IRN_034309           -          Lig_chan             PF00060.29   2.9e-15   57.8   1.1   4.1e-15   57.3   1.1   1.2   1   0   0   1   1   1   1 -
IRN_006822           -          Lig_chan             PF00060.29   2.9e-15   57.8   0.3   7.2e-15   56.5   0.3   1.7   2   0   0   2   2   1   1 -
IRN_005416           -          Lig_chan             PF00060.29     5e-15   57.0   0.0     5e-15   57.0   0.0   3.0   3   0   0   3   3   1   1 -
IRN_005417           -          Lig_chan             PF00060.29     5e-15   57.0   0.0     5e-15   57.0   0.0   3.0   3   0   0   3   3   1   1 -
IRN_013052           -          Lig_chan             PF00060.29   6.3e-15   56.7   1.3   8.5e-15   56.3   1.3   1.2   1   0   0   1   1   1   1 -
IRN_013108           -          Lig_chan             PF00060.29   7.4e-15   56.5   0.1   1.7e-14   55.3   0.1   1.7   1   1   0   1   1   1   1 -
IRN_013051           -          Lig_chan             PF00060.29   7.5e-15   56.5   1.3   1.1e-14   56.0   1.3   1.2   1   0   0   1   1   1   1 -
IRN_013109           -          Lig_chan             PF00060.29   7.6e-15   56.4   0.1   1.6e-14   55.4   0.1   1.6   1   1   0   1   1   1   1 -
IRN_018066           -          Lig_chan             PF00060.29   9.3e-15   56.2   1.1   1.5e-14   55.5   1.1   1.3   1   0   0   1   1   1   1 -
IRN_030397           -          Lig_chan             PF00060.29     1e-14   56.0   0.7   1.8e-14   55.2   0.1   1.8   2   1   0   2   2   1   1 -
IRN_023144           -          Lig_chan             PF00060.29   2.6e-14   54.7   0.3   3.7e-14   54.2   0.3   1.3   1   0   0   1   1   1   1 -
IRN_000471           -          Lig_chan             PF00060.29   2.6e-14   54.7   0.3   4.3e-14   54.0   0.3   1.5   1   0   0   1   1   1   1 -
IRN_018717           -          Lig_chan             PF00060.29   2.7e-14   54.7   0.3   4.7e-14   53.9   0.3   1.5   1   0   0   1   1   1   1 -
IRN_025453           -          Lig_chan             PF00060.29     3e-14   54.5   0.8   4.1e-14   54.1   0.8   1.3   1   0   0   1   1   1   1 -
IRN_036279           -          Lig_chan             PF00060.29   3.1e-14   54.5   0.0   5.1e-14   53.7   0.0   1.4   1   0   0   1   1   1   1 -
IRN_008983           -          Lig_chan             PF00060.29   3.1e-14   54.5   0.3   4.6e-14   53.9   0.3   1.3   1   0   0   1   1   1   1 -
IRN_028181           -          Lig_chan             PF00060.29   3.2e-14   54.4   0.2     5e-14   53.8   0.2   1.3   1   0   0   1   1   1   1 -
IRN_018708           -          Lig_chan             PF00060.29   3.5e-14   54.3   0.3   5.3e-14   53.7   0.3   1.3   1   0   0   1   1   1   1 -
IRN_018675           -          Lig_chan             PF00060.29   3.6e-14   54.3   0.4   5.2e-14   53.7   0.4   1.3   1   0   0   1   1   1   1 -
IRN_006695           -          Lig_chan             PF00060.29   3.7e-14   54.2   0.6   7.2e-14   53.3   0.6   1.6   1   0   0   1   1   1   1 -
IRN_002020           -          Lig_chan             PF00060.29   3.7e-14   54.2   0.0   6.5e-14   53.4   0.0   1.4   1   0   0   1   1   1   1 -
IRN_002019           -          Lig_chan             PF00060.29   3.8e-14   54.2   0.0   6.7e-14   53.4   0.0   1.4   1   0   0   1   1   1   1 -
IRN_044111           -          Lig_chan             PF00060.29   3.8e-14   54.2   0.0   5.4e-14   53.7   0.0   1.2   1   0   0   1   1   1   1 -
IRN_006067           -          Lig_chan             PF00060.29   3.9e-14   54.1   0.0     5e-14   53.8   0.0   1.1   1   0   0   1   1   1   1 -
IRN_018693           -          Lig_chan             PF00060.29     4e-14   54.1   0.0   6.3e-14   53.5   0.0   1.3   1   0   0   1   1   1   1 -
IRN_018718           -          Lig_chan             PF00060.29   4.1e-14   54.1   0.0   7.3e-14   53.3   0.0   1.4   1   0   0   1   1   1   1 -
IRN_016450           -          Lig_chan             PF00060.29   5.1e-14   53.7   0.0   1.1e-13   52.7   0.0   1.5   1   0   0   1   1   1   1 -
IRN_002073           -          Lig_chan             PF00060.29   5.2e-14   53.7   0.0   9.5e-14   52.9   0.0   1.5   1   0   0   1   1   1   1 -
IRN_019720           -          Lig_chan             PF00060.29   5.8e-14   53.6   0.0   2.9e-13   51.3   0.0   2.0   1   1   0   1   1   1   1 -
IRN_018705           -          Lig_chan             PF00060.29   6.4e-14   53.4   0.0   9.9e-14   52.8   0.0   1.3   1   0   0   1   1   1   1 -
IRN_006834           -          Lig_chan             PF00060.29   6.5e-14   53.4   0.0     1e-13   52.8   0.0   1.3   1   0   0   1   1   1   1 -
IRN_006068           -          Lig_chan             PF00060.29   6.8e-14   53.3   0.0   8.7e-14   53.0   0.0   1.1   1   0   0   1   1   1   1 -
IRN_043132           -          Lig_chan             PF00060.29   8.4e-14   53.1   0.0   1.4e-13   52.4   0.0   1.3   1   0   0   1   1   1   1 -
IRN_043020           -          Lig_chan             PF00060.29     9e-14   53.0   0.0   1.2e-13   52.6   0.0   1.2   1   0   0   1   1   1   1 -
IRN_018699           -          Lig_chan             PF00060.29   9.5e-14   52.9   0.0   1.3e-13   52.5   0.0   1.2   1   0   0   1   1   1   1 -
IRN_006147           -          Lig_chan             PF00060.29   1.3e-13   52.5   0.0   2.3e-13   51.7   0.0   1.4   1   0   0   1   1   1   1 -
IRN_006146           -          Lig_chan             PF00060.29   1.4e-13   52.4   0.0   2.4e-13   51.6   0.0   1.4   1   0   0   1   1   1   1 -
IRN_018696           -          Lig_chan             PF00060.29   1.4e-13   52.3   0.0   2.5e-13   51.5   0.0   1.4   1   0   0   1   1   1   1 -
IRN_018724           -          Lig_chan             PF00060.29   1.5e-13   52.3   0.0   2.6e-13   51.5   0.0   1.4   1   0   0   1   1   1   1 -
IRN_006145           -          Lig_chan             PF00060.29   1.5e-13   52.2   0.0   2.8e-13   51.4   0.0   1.5   1   0   0   1   1   1   1 -
IRN_000217           -          Lig_chan             PF00060.29   1.6e-13   52.1   0.0   1.1e-12   49.4   0.0   2.0   1   1   0   1   1   1   1 -
IRN_018725           -          Lig_chan             PF00060.29   1.6e-13   52.1   0.0   3.5e-13   51.1   0.0   1.6   1   0   0   1   1   1   1 -
IRN_043131           -          Lig_chan             PF00060.29   1.7e-13   52.0   0.0   3.1e-13   51.2   0.0   1.4   1   0   0   1   1   1   1 -
IRN_018692           -          Lig_chan             PF00060.29   1.9e-13   51.9   0.0   1.3e-12   49.2   0.0   2.0   1   1   0   1   1   1   1 -
IRN_010772           -          Lig_chan             PF00060.29     3e-13   51.3   0.3   4.7e-13   50.6   0.3   1.3   1   0   0   1   1   1   1 -
IRN_006621           -          Lig_chan             PF00060.29     3e-13   51.3   0.3   4.3e-13   50.8   0.3   1.2   1   0   0   1   1   1   1 -
IRN_018688           -          Lig_chan             PF00060.29   3.1e-13   51.2   0.0   6.4e-13   50.2   0.0   1.5   1   1   0   1   1   1   1 -
IRN_016454           -          Lig_chan             PF00060.29   3.2e-13   51.2   0.0   6.4e-13   50.2   0.0   1.5   1   1   0   1   1   1   1 -
IRN_006620           -          Lig_chan             PF00060.29   3.4e-13   51.1   0.3   4.9e-13   50.6   0.3   1.2   1   0   0   1   1   1   1 -
IRN_005737           -          Lig_chan             PF00060.29   3.5e-13   51.0   0.0   5.4e-13   50.4   0.0   1.3   1   0   0   1   1   1   1 -
IRN_044238           -          Lig_chan             PF00060.29   4.3e-13   50.7   0.0   6.4e-13   50.2   0.0   1.3   1   0   0   1   1   1   1 -
IRN_002075           -          Lig_chan             PF00060.29   4.6e-13   50.7   0.4   8.3e-13   49.8   0.0   1.6   2   0   0   2   2   1   1 -
IRN_012435           -          Lig_chan             PF00060.29   4.9e-13   50.6   0.0   7.9e-13   49.9   0.0   1.3   1   0   0   1   1   1   1 -
IRN_036344           -          Lig_chan             PF00060.29   4.9e-13   50.6   0.0   6.7e-13   50.1   0.0   1.2   1   0   0   1   1   1   1 -
IRN_029316           -          Lig_chan             PF00060.29   5.1e-13   50.5   0.0   8.5e-13   49.8   0.0   1.4   1   0   0   1   1   1   1 -
IRN_006904           -          Lig_chan             PF00060.29   5.7e-13   50.4   0.0   8.9e-13   49.7   0.0   1.3   1   0   0   1   1   1   1 -
IRN_006902           -          Lig_chan             PF00060.29   5.8e-13   50.3   1.2   1.2e-12   49.3   0.0   2.1   3   0   0   3   3   1   1 -
IRN_018012           -          Lig_chan             PF00060.29   6.6e-13   50.1   0.1     1e-12   49.6   0.1   1.3   1   0   0   1   1   1   1 -
IRN_005768           -          Lig_chan             PF00060.29   6.7e-13   50.1   0.0   1.1e-12   49.4   0.0   1.4   1   0   0   1   1   1   1 -
IRN_005769           -          Lig_chan             PF00060.29   6.8e-13   50.1   0.0   1.1e-12   49.4   0.0   1.4   1   0   0   1   1   1   1 -
IRN_010408           -          Lig_chan             PF00060.29     7e-13   50.1   0.3   1.1e-12   49.5   0.3   1.3   1   0   0   1   1   1   1 -
IRN_006903           -          Lig_chan             PF00060.29   7.1e-13   50.0   1.3   1.3e-12   49.2   0.0   2.1   3   0   0   3   3   1   1 -
IRN_018677           -          Lig_chan             PF00060.29   7.5e-13   50.0   0.3   1.1e-12   49.4   0.3   1.3   1   0   0   1   1   1   1 -
IRN_018682           -          Lig_chan             PF00060.29   7.9e-13   49.9   0.8   1.3e-12   49.2   0.8   1.3   1   0   0   1   1   1   1 -
IRN_002072           -          Lig_chan             PF00060.29   1.2e-12   49.4   0.2   1.7e-12   48.8   0.2   1.3   1   0   0   1   1   1   1 -
IRN_018690           -          Lig_chan             PF00060.29   1.7e-12   48.8   0.3   2.5e-12   48.3   0.3   1.3   1   0   0   1   1   1   1 -
IRN_017733           -          Lig_chan             PF00060.29   1.7e-12   48.8   0.3   2.6e-12   48.2   0.3   1.3   1   0   0   1   1   1   1 -
IRN_002185           -          Lig_chan             PF00060.29   2.1e-12   48.5   0.0     3e-12   48.0   0.0   1.4   1   0   0   1   1   1   1 -
IRN_006708           -          Lig_chan             PF00060.29   2.1e-12   48.5   0.3   4.1e-12   47.6   0.1   1.6   2   0   0   2   2   1   1 -
IRN_043887           -          Lig_chan             PF00060.29   2.8e-12   48.1   0.1   4.1e-12   47.6   0.1   1.3   1   0   0   1   1   1   1 -
IRN_019725           -          Lig_chan             PF00060.29   3.8e-12   47.7   0.3   4.7e-12   47.4   0.3   1.1   1   0   0   1   1   1   1 -
IRN_015386           -          Lig_chan             PF00060.29   4.1e-12   47.6   1.3   6.8e-12   46.9   1.3   1.3   1   0   0   1   1   1   1 -
IRN_000216           -          Lig_chan             PF00060.29   4.7e-12   47.4   0.1     1e-11   46.3   0.0   1.6   2   0   0   2   2   1   1 -
IRN_018687           -          Lig_chan             PF00060.29   4.8e-12   47.4   0.0   7.3e-12   46.8   0.0   1.3   1   0   0   1   1   1   1 -
IRN_000215           -          Lig_chan             PF00060.29   5.2e-12   47.2   0.1   1.4e-11   45.9   0.0   1.8   2   0   0   2   2   1   1 -
IRN_015377           -          Lig_chan             PF00060.29   5.3e-12   47.2   0.9   9.9e-12   46.3   0.9   1.4   1   0   0   1   1   1   1 -
IRN_014782           -          Lig_chan             PF00060.29   5.8e-12   47.1   0.0     9e-12   46.5   0.0   1.3   1   0   0   1   1   1   1 -
IRN_039907           -          Lig_chan             PF00060.29     6e-12   47.0   1.0   9.3e-12   46.4   1.0   1.3   1   0   0   1   1   1   1 -
IRN_018685           -          Lig_chan             PF00060.29   6.2e-12   47.0   0.7     1e-11   46.3   0.7   1.4   1   0   0   1   1   1   1 -
IRN_030383           -          Lig_chan             PF00060.29   6.5e-12   46.9   0.7   1.2e-11   46.1   0.7   1.4   1   0   0   1   1   1   1 -
IRN_032162           -          Lig_chan             PF00060.29   9.4e-12   46.4   0.0   1.4e-11   45.9   0.0   1.2   1   0   0   1   1   1   1 -
IRN_016521           -          Lig_chan             PF00060.29   9.4e-12   46.4   0.0   1.5e-11   45.8   0.0   1.3   1   0   0   1   1   1   1 -
IRN_016522           -          Lig_chan             PF00060.29     1e-11   46.3   0.0   1.6e-11   45.7   0.0   1.3   1   0   0   1   1   1   1 -
IRN_032160           -          Lig_chan             PF00060.29   1.1e-11   46.2   0.0   1.8e-11   45.5   0.0   1.3   1   0   0   1   1   1   1 -
IRN_033807           -          Lig_chan             PF00060.29   1.2e-11   46.1   0.3   2.3e-11   45.1   0.3   1.5   1   0   0   1   1   1   1 -
IRN_044112           -          Lig_chan             PF00060.29   1.7e-11   45.6   0.0   2.6e-11   45.0   0.0   1.3   1   0   0   1   1   1   1 -
IRN_013094           -          Lig_chan             PF00060.29   2.5e-11   45.0   0.0   5.7e-11   43.9   0.0   1.5   1   1   0   1   1   1   1 -
IRN_032083           -          Lig_chan             PF00060.29   3.9e-11   44.4   0.0   6.3e-11   43.7   0.0   1.4   1   0   0   1   1   1   1 -
IRN_012210           -          Lig_chan             PF00060.29   6.6e-11   43.7   0.0   2.2e-10   41.9   0.0   1.7   1   1   0   1   1   1   1 -
IRN_018697           -          Lig_chan             PF00060.29   1.3e-10   42.7   0.0   2.8e-10   41.6   0.0   1.6   1   1   0   1   1   1   1 -
IRN_042648           -          Lig_chan             PF00060.29   1.4e-10   42.6   0.0   2.7e-10   41.7   0.0   1.5   1   1   0   1   1   1   1 -
IRN_005775           -          Lig_chan             PF00060.29   1.4e-10   42.6   0.0   2.7e-10   41.7   0.0   1.5   1   1   0   1   1   1   1 -
IRN_005774           -          Lig_chan             PF00060.29     2e-10   42.1   0.6   3.8e-10   41.2   0.6   1.5   1   0   0   1   1   1   1 -
IRN_042647           -          Lig_chan             PF00060.29   2.6e-10   41.7   0.6   4.8e-10   40.9   0.6   1.4   1   0   0   1   1   1   1 -
IRN_043019           -          Lig_chan             PF00060.29   6.2e-10   40.5   0.0   7.3e-10   40.3   0.0   1.1   1   0   0   1   1   1   1 -
IRN_030636           -          Lig_chan             PF00060.29   7.4e-10   40.3   0.1   9.3e-10   39.9   0.1   1.2   1   0   0   1   1   1   1 -
IRN_018684           -          Lig_chan             PF00060.29     1e-09   39.8   0.0   1.5e-09   39.3   0.0   1.3   1   0   0   1   1   1   1 -
IRN_042621           -          Lig_chan             PF00060.29   1.1e-09   39.7   4.5   7.3e-06   27.3   0.1   2.7   2   1   0   2   2   2   2 -
IRN_005739           -          Lig_chan             PF00060.29   1.1e-09   39.7   0.0   1.9e-09   39.0   0.0   1.3   1   1   0   1   1   1   1 -
IRN_042646           -          Lig_chan             PF00060.29   1.2e-09   39.6   0.0     8e-09   36.9   0.0   1.9   1   1   0   1   1   1   1 -
IRN_018683           -          Lig_chan             PF00060.29   1.3e-09   39.4   0.2   1.8e-09   39.0   0.2   1.2   1   0   0   1   1   1   1 -
IRN_013062           -          Lig_chan             PF00060.29   1.6e-09   39.1   0.0   2.5e-09   38.5   0.0   1.3   1   0   0   1   1   1   1 -
IRN_013061           -          Lig_chan             PF00060.29   1.6e-09   39.1   0.0   2.5e-09   38.5   0.0   1.3   1   0   0   1   1   1   1 -
IRN_030338           -          Lig_chan             PF00060.29   2.1e-09   38.8   0.0   3.5e-09   38.1   0.0   1.4   1   0   0   1   1   1   1 -
IRN_013264           -          Lig_chan             PF00060.29   2.1e-09   38.8   0.1   3.1e-09   38.2   0.1   1.3   1   0   0   1   1   1   1 -
IRN_018698           -          Lig_chan             PF00060.29   2.5e-09   38.5   1.1   4.6e-09   37.7   1.1   1.4   1   0   0   1   1   1   1 -
IRN_043756           -          Lig_chan             PF00060.29     3e-09   38.3   0.6   4.7e-09   37.7   0.6   1.3   1   0   0   1   1   1   1 -
IRN_042688           -          Lig_chan             PF00060.29   3.2e-09   38.2   1.1   7.7e-09   36.9   1.1   1.7   1   0   0   1   1   1   1 -
IRN_005803           -          Lig_chan             PF00060.29   3.3e-09   38.1   1.1   7.9e-09   36.9   1.1   1.7   1   0   0   1   1   1   1 -
IRN_032161           -          Lig_chan             PF00060.29     4e-09   37.9   0.1     5e-09   37.5   0.1   1.2   1   0   0   1   1   1   1 -
IRN_014672           -          Lig_chan             PF00060.29   5.4e-09   37.4   0.1   8.1e-09   36.9   0.1   1.2   1   0   0   1   1   1   1 -
IRN_036483           -          Lig_chan             PF00060.29   5.7e-09   37.4   0.0   6.3e-09   37.2   0.0   1.2   1   0   0   1   1   1   1 -
IRN_005773           -          Lig_chan             PF00060.29   6.2e-09   37.3   0.0   3.2e-08   34.9   0.0   2.0   1   1   0   1   1   1   1 -
IRN_038942           -          Lig_chan             PF00060.29   7.3e-09   37.0   0.1   1.1e-08   36.4   0.1   1.2   1   0   0   1   1   1   1 -
IRN_018700           -          Lig_chan             PF00060.29   7.9e-09   36.9   0.0   4.1e-08   34.6   0.0   2.0   1   1   0   1   1   1   1 -
IRN_005740           -          Lig_chan             PF00060.29   9.3e-09   36.7   0.0   1.5e-08   36.0   0.0   1.3   1   1   0   1   1   1   1 -
IRN_025904           -          Lig_chan             PF00060.29   2.2e-08   35.4   0.0   2.6e-08   35.2   0.0   1.0   1   0   0   1   1   1   1 -
IRN_036520           -          Lig_chan             PF00060.29   1.1e-07   33.2   0.0   2.7e-07   32.0   0.0   1.6   1   1   0   1   1   1   1 -
IRN_002214           -          Lig_chan             PF00060.29   1.7e-07   32.6   0.0   4.1e-07   31.3   0.0   1.6   1   1   0   1   1   1   1 -
IRN_002215           -          Lig_chan             PF00060.29   1.8e-07   32.5   0.0   4.6e-07   31.2   0.0   1.6   1   1   0   1   1   1   1 -
IRN_043690           -          Lig_chan             PF00060.29   1.9e-07   32.4   0.0    0.0027   19.0   0.0   2.3   1   1   1   2   2   2   1 -
IRN_002216           -          Lig_chan             PF00060.29   2.2e-07   32.2   0.0   5.9e-07   30.8   0.0   1.7   1   1   0   1   1   1   1 -
IRN_043691           -          Lig_chan             PF00060.29   3.8e-07   31.4   0.0    0.0043   18.3   0.0   2.4   1   1   1   2   2   2   1 -
IRN_030326           -          Lig_chan             PF00060.29   1.9e-06   29.2   9.6   5.3e-05   24.5   0.4   2.2   1   1   1   2   2   2   1 -
IRN_007815           -          Lig_chan             PF00060.29   4.6e-06   28.0   0.3   9.6e-06   26.9   0.3   1.6   1   0   0   1   1   1   1 -
IRN_018702           -          Lig_chan             PF00060.29   4.7e-06   27.9   0.3   8.9e-06   27.0   0.3   1.5   1   0   0   1   1   1   1 -
#
# Program:         hmmsearch
# Version:         3.2.1 (June 2018)
# Pipeline mode:   SEARCH
# Query file:      PF00060.hmm
# Target file:     normalized_proteins.faa
# Option settings: hmmsearch --tblout PF00060.tbl -E 1e-5 PF00060.hmm normalized_proteins.faa 
# Current dir:     /home/primeline/Data/IRnotator/work/74/e2d193038d2fff5a494349aa5feea6
# Date:            Tue Aug 18 11:39:16 2026
# [ok]
